73.463 1.6049
87.728 2.7901
125.83 3.8272
179.16 4.0988
202.44 5.0617
234.64 6.0247
282.43 5.4815
342.22 4.7160
371.45 5.6790
391.88 6.3951
448.64 5.7531
511.36 5.0617
522.77 6
552.16 6.642
602.93 6.0741
659.77 5.2593
685.97 6.3457
709.41 6.9877
763.22 6.2963
820.08 5.4321
840.44 6.321
866.80 7.0617
935.5 6.2963
986.4 5.4815
997.8 6.4444
1027.2 7.1111
1074.8 6.8148
1104.8 6.3704
1178.7 7.0864
1202.8 6.2963
1232.9 5.4815
1280.0 6.3951
1324.3 6.9877
1348.1 6.7654
1357.3 6.1975
1390.4 5.3827
1446.4 6.1728
1496.6 6.8148
1523.8 5.9506
1545 5.1852
1598.1 5.8519
1651.3 6.3704
1666.2 6.2716
1678.4 5.7037
1702.6 4.8148
1761.6 5.5556
1814.8 6.0988
1839.0 5.2099
1866.1 4.4198
1922.2 5.0864
1969.5 5.6296
