37.665 2.0412
47.619 3.0954
86.992 3.8618
214.92 4.0722
242.39 4.8174
272.96 5.6943
308.32 5.406
349.47 4.9634
385.52 5.3783
415.62 5.7717
441.76 5.1764
461.98 4.6035
486.38 5.2391
516.62 5.7863
546.02 5.4765
584.26 5.1001
623.17 5.4049
656.21 5.7761
702.56 4.5859
729.92 5.2213
751.28 5.7911
824.77 5.0165
905.72 5.7798
919.99 5.1853
943.14 4.5683
958.51 5.0946
985.78 5.6421
1029.9 5.2213
1059.2 4.8015
1095.2 5.1505
1137.1 5.4771
1160.3 4.948
1177.4 4.1995
1223.1 5.3609
1270.2 4.874
1302.5 4.4760
1332.4 4.7595
1377.3 5.0859
1403.4 4.4027
1423.6 3.8298
1469.2 4.9034
1545.5 3.9527
1611.4 4.4973
1637.4 3.8141
1657.6 3.1533
1679 3.7891
1678.6 3.4155
1703.2 4.2049
1732.5 3.8731
1747.2 3.6742
1779.4 3.1663
1851.2 3.7105
1883.0 2.8730
1911.7 1.8599
1979.8 1.5912
