264.5 5428.9
487.42 5140.5
563.28 5070.7
755.78 5596.9
1268.6 5603.7
1543.3 5012
2139.5 4946.1
2316.1 4548.2
2519.1 4811.3
2830.7 5383.2
3348.5 4814.5
3608.1 6930.7
3887.8 11160
4130.9 7332.4
4389.3 4885.5
4886.6 5700.7
5314.7 4686.5
5594.7 4888.2
6170.7 11330
6680.1 5172.1
7197.9 4689.9
7755.9 5173.9
7865.2 7041.2
8164.4 7241.9
8634.6 5032.2
9131.9 4962.9
9703 5104.6
10072 4895
10358 5034.3
10802 4694.3
11371 5957.0
11804 5401.2
12026 4761.7
12542 4829.4
13019 4440.5
13514 4440.9
14160 3915.4
14494 4318.9
14975 4968.6
15617 3651.4
16594 3174.6
17225 4832.9
17468 3311.2
18133 3002.3
19630 2333.7
20376 2176.0
20760 2301.5
20760 1788.7
21449 1667.8
22058 1667.9
22791 1512.3
23004 1410.0
23768 1260.7
24672 1192.1
25373 1080.8
26834 1051.1
27212 876.15
27855 1081.0
28914 876.28
29597 1513.2
29874 966.62
30722 2147.8
31156 700.48
31301 1159.8
32341 635.12
33571 662.43
35011 600.62
37027 584.11
38435 600.75
39711 560.17
41415 529.7
42990 493.92
44005 529.77
45043 473.64
46757 429.45
48309 487.18
48535 460.64
50381 460.68
52788 429.57
54287 389.48
55828 448.06
57413 417.79
60156 429.70
62153 406.32
64819 389.64
66349 363.31
68872 348.39
70498 343.56
72839 311.5
74558 334.11
76318 358.37
77756 315.94
81852 302.98
85761 274.71
91125 267.16
94591 259.80
97732 263.49
98189 1846.2
1.0145e+05 245.69
