0.99639 10994
2.9641 7430.8
3.4568 6460.8
3.9939 7125.4
4.9948 6644.1
5.6118 6644.1
6.0461 5940.6
6.73 5858.1
7.5966 5858.1
8.4559 6644.1
9.5894 6024.3
10.724 6644.1
12.448 5940.6
13.792 6371.0
14.928 6109.2
15.423 5311.7
16.54 5776.7
17.248 5539.3
17.82 6024.3
18.669 6109.2
19.743 5462.4
20.685 5617.3
21.570 5940.6
22.494 5858.1
23.24 5237.9
23.899 6024.3
24.806 5776.7
25.989 6371.0
26.478 5462.4
27.870 6109.2
28.395 5539.3
29.2 6109.2
30.027 5462.4
31.754 6109.2
32.807 5165.1
33.894 5617.3
34.371 5237.9
36.348 5696.5
37.552 5311.7
38.797 5539.3
40.271 6109.2
42.191 5617.3
43.186 5093.3
44.41 5696.5
45.457 4952.8
46.528 5462.4
47.847 4952.8
50.363 5539.3
52.765 5462.4
54.514 6644.1
55.799 5696.5
58.188 5617.3
59.56 23075
60.117 5617.3
61.822 5022.6
63.574 5858.1
64.469 5237.9
67.544 5386.5
71.427 5237.9
73.111 5858.1
75.887 5617.3
78.769 5617.3
82.526 5386.5
85.261 5539.3
88.088 5165.1
92.72 5311.7
96.690 5386.5
100.83 5311.7
104.66 5696.5
108.63 5237.9
111.19 5696.5
114.88 5022.6
117.59 5386.5
117.59 8912.9
120.36 5165.1
122.62 5539.3
126.10 5093.3
126.69 5776.7
130.28 5311.7
133.97 5539.3
138.42 5237.9
141.02 5696.5
147.06 5165.1
149.82 5539.3
155.51 4884.0
159.18 5386.5
164.46 5386.5
169.12 5237.9
173.10 5311.7
176.36 13945
178.84 5311.7
183.91 5237.9
190.9 5237.9
196.31 5165.1
